0.0
0.04899999999999999
0.09799999999999998
0.147
0.19599999999999995
0.24499999999999994
0.2939999999999999
0.3429999999999999
0.3919999999999999
0.4409999999999999
0.4899999999999999
0.5389999999999998
0.588
0.6369999999999999
0.6859999999999998
0.7349999999999999
0.7839999999999998
0.8329999999999999
0.8819999999999999
0.9309999999999998
0.9799999999999999
1.0289999999999997
1.0779999999999998
1.1269999999999998
1.1759999999999995
1.2249999999999996
1.2739999999999996
1.3229999999999995
1.3719999999999994
1.4209999999999996
1.4699999999999995
1.5189999999999995
1.5679999999999996
1.6169999999999995
1.6659999999999993
1.7149999999999999
1.7639999999999996
1.8129999999999995
1.8619999999999997
1.9109999999999996
1.9599999999999995
2.0089999999999995
2.0579999999999994
2.1069999999999993
2.1559999999999993
2.2049999999999996
2.2539999999999996
2.3029999999999995
2.351999999999999
2.401
2.4499999999999993
2.498999999999999
2.547999999999999
2.596999999999999
2.645999999999999
2.694999999999999
2.7439999999999993
2.7929999999999993
2.841999999999999
2.890999999999999
2.939999999999999
2.988999999999999
3.0379999999999994
3.0869999999999993
3.1359999999999992
3.184999999999999
3.233999999999999
3.2829999999999986
3.3319999999999985
3.380999999999999
3.4299999999999997
3.478999999999999
3.527999999999999
3.576999999999999
3.625999999999999
3.6749999999999994
3.7239999999999993
3.7729999999999992
3.821999999999999
3.870999999999999
3.919999999999999
3.968999999999999
4.017999999999999
4.066999999999999
4.115999999999999
4.164999999999999
4.213999999999999
4.262999999999999
4.311999999999999
4.360999999999999
4.409999999999999
4.458999999999999
4.507999999999999
4.5569999999999995
4.606
4.654999999999999
4.704
4.753
4.802
4.851
4.899999999999999
4.948999999999999
4.997999999999998
5.046999999999999
5.095999999999999
5.144999999999999
5.193999999999999
5.2429999999999986
5.291999999999999
5.340999999999998
5.389999999999999
5.438999999999999
5.487999999999999
5.536999999999999
5.5859999999999985
5.634999999999999
5.683999999999998
5.732999999999999
5.781999999999999
5.830999999999999
5.879999999999999
5.9289999999999985
5.977999999999999
6.026999999999999
6.075999999999999
6.124999999999999
6.173999999999999
6.222999999999999
6.2719999999999985
6.320999999999999
6.369999999999999
6.418999999999999
6.467999999999999
6.516999999999999
6.565999999999999
6.6149999999999975
6.663999999999999
6.712999999999999
6.761999999999998
6.810999999999998
6.859999999999999
6.909
6.958
7.006999999999999
7.055999999999999
7.104999999999999
7.153999999999999
7.2029999999999985
7.251999999999999
7.300999999999999
7.349999999999999
7.398999999999999
7.447999999999999
7.496999999999999
7.5459999999999985
7.594999999999999
7.643999999999999
7.692999999999999
7.741999999999999
7.790999999999999
7.839999999999999
7.8889999999999985
7.937999999999999
7.986999999999999
8.035999999999998
8.084999999999999
8.133999999999999
8.182999999999998
8.232
8.280999999999999
8.329999999999998
8.378999999999998
8.427999999999999
8.476999999999999
8.525999999999998
8.575
8.623999999999999
8.672999999999998
8.721999999999998
8.770999999999999
8.819999999999999
8.868999999999998
8.918
8.966999999999999
9.015999999999998
9.064999999999998
9.113999999999999
9.162999999999998
9.212
9.260999999999997
9.309999999999999
9.358999999999998
9.408
9.456999999999999
9.505999999999998
9.554999999999998
9.604
9.652999999999999
9.701999999999996
9.750999999999998
9.799999999999997
