1.5805840755984641
1.5710275202223596
1.5644764958843802
1.5595447991403197
1.5556423057349007
1.5524521905177768
1.5497845165364106
1.5475163985345977
1.54556372401859
1.5438663955446594
1.5423799747185138
1.5410706592010357
1.5399121583443098
1.5388836135666115
1.5379681793423636
1.5371520776675955
1.5364238946430941
1.5357740550575172
1.5351944379634437
1.5346781367030773
1.5342192016711804
1.5338124403148783
1.5334533520486404
1.5331379989947673
1.5328628818834442
1.532624857245765
1.53242122434841
1.532249474234289
1.5321073928413336
1.5319929854766643
1.5319044623352764
1.5318401914866684
1.5317988478650735
1.5317802946195436
1.5323434656769737
1.5344179991579225
1.536408511251806
1.5356974762256592
1.5350672248757666
1.534512201560452
1.5340250701116622
1.533599467333879
1.5332298492982477
1.5329113570429949
1.532639712938268
1.5324111342622269
1.532222261940021
1.5320700914938603
1.5319519643606456
1.5318655051655523
1.5318086780469946
1.531780440175744
1.532509723199676
1.5367596224428823
1.5427988907064865
1.5464939241463758
1.5478531698393527
1.545792151934399
1.543831487568765
1.5420898421563711
1.5405522842827415
1.539200285810344
1.5380149532492617
1.5369784052182767
1.5360744861586193
1.5352888739146415
1.5346089749961223
1.534023846167426
1.53352391233844
1.533100846656408
1.5327473695334581
1.5324571017786863
1.5322244391503066
1.53204444682305
1.5319127912839972
1.5318257251872844
1.53178071253065
1.5328374770436357
1.5394681173480118
1.5458870551474637
1.5481172040529019
1.5486937819415871
1.5488418951423892
1.5488848594105136
1.5489056971911912
1.5489419149050605
1.5475504538624272
1.545268737586772
1.5431728265603977
1.5412892213169767
1.53962411253976
1.5381704962963423
1.5369142483935763
1.5358383904288768
1.5349253546427526
1.53415843390438
1.533522313363799
1.5330032859030074
1.5325891965194296
1.5322693950004393
1.532034535847825
1.5318765641976233
1.5317890139391845
1.5331895256112622
1.5445544241565927
1.5483901633128554
1.548965080602304
1.549053978145825
1.5490681417250989
1.5490705128377877
1.5490710899551559
1.549071391572153
1.5490716981633366
1.5490721224220885
1.5490726223660396
1.5490733148908167
1.5490742198579213
1.549075455259874
1.5490772385507277
1.5490799168467244
1.5490842532491311
1.5490922781395513
1.5491120045623006
1.5487017867217685
1.5462024954856315
1.5437438720627314
1.5414277865132517
1.5393311460536176
1.5375007383539974
1.5359536815190584
1.5346855202128322
1.5336788524357232
1.5329104176367985
1.532355507859262
1.5319905416186006
1.531795077237407
1.546270746566026
1.5493358823992607
1.5494526180224548
1.5494579309983212
1.549458155343889
1.5494581950971966
1.5494581352846624
1.549458118033344
1.5494581623430288
1.5494580718279747
1.5494579963328243
1.5494579880982546
1.5494578522403628
1.5494578100335463
1.5494579137137894
1.5494578446645826
1.549457728039502
1.5494577258528845
1.5494576777432427
1.549457649456264
1.549457633839918
1.549457544901354
1.5494575214339235
1.549457504465113
1.5494574837914983
1.549457347575892
1.5494573648604282
1.5494574544531927
1.54945735760686
1.5494572624773169
1.5494573411638983
1.5494573067675916
1.549457281924197
1.5494573407429295
1.5494573141188954
1.5494573300561623
1.549457328610314
1.549457374503565
1.5494573449011986
1.5494574211447965
1.5494574697647516
1.5494575680690545
1.5494576678796153
1.549457768999358
1.5494579684607235
1.5494580542101875
1.5494583491989982
1.549458658382245
1.549459052781762
1.5494595153460353
1.549460210392242
1.5494610437190113
1.5494622240226676
1.5494638789770079
1.5494663329621816
1.5494702216403187
1.549477188201164
1.549492639722477
1.549565706605357
1.54718098577094
1.5439534315153205
1.5400023051437768
1.5350039281212837
1.528353331054232
1.5187001907430189
